Class weight for loss (balancing weights) = tensor([0.1671, 1.0000])
Training : Class distribution = {0: 425, 1: 71}
Valid : Class distribution = {0: 48, 1: 8}
Test : Class distribution = {0: 51, 1: 11}
Epochs = 50
Learning rate = 0.001
optimizer = Adam
criterion = CrossEntropyLoss
Epoch	LOSStrain	LOSSval	ACCUtrain	ACCUval
1	0.6200848203152418	0.8196027278900146	0.623046875	0.15104166666666669
2	0.4397456105798483	0.9668549001216888	0.767578125	0.15104166666666669
3	0.31414385326206684	0.754996657371521	0.837890625	0.15104166666666669
4	0.21518510300666094	0.4368849843740463	0.919921875	0.8229166666666667
5	0.140762263443321	0.5252889841794968	0.94921875	0.6770833333333333
6	0.07602770929224789	0.8535799086093903	0.982421875	0.8645833333333333
7	0.06132384296506643	0.4407842978835106	0.990234375	0.84375
8	0.05182887287810445	0.5322974920272827	0.990234375	0.90625
9	0.041836372518446296	0.4792124703526497	0.9921875	0.9322916666666667
10	0.03223307314328849	0.4425972029566765	0.99609375	0.8802083333333333
11	0.022345131495967507	0.5361062809824944	1.0	0.9322916666666667
12	0.01778506868868135	0.46489816904067993	0.998046875	0.8854166666666667
13	0.011947560240514576	0.4133676141500473	1.0	0.9375
14	0.007499254657886922	0.4896511621773243	1.0	0.953125
15	0.005815721378894523	0.47236728109419346	1.0	0.9375
16	0.004548761455225758	0.48521557822823524	1.0	0.9375
17	0.004118354088859633	0.5105872564017773	1.0	0.9166666666666667
18	0.003626560908742249	0.5029872264713049	1.0	0.9166666666666667
19	0.003447687457082793	0.5050999671220779	1.0	0.953125
20	0.0029962034677737392	0.5152698159217834	1.0	0.9375
21	0.0027782423348980956	0.5211925245821476	1.0	0.953125
22	0.0026298112425138243	0.5283424947410822	1.0	0.953125
23	0.0023234901600517333	0.5336490590125322	1.0	0.9322916666666667
24	0.002383396655204706	0.5364918857812881	1.0	0.9322916666666667
25	0.0020636175977415405	0.5566350985318422	1.0	0.9322916666666667
26	0.0020398885681061074	0.5448339562863111	1.0	0.9322916666666667
27	0.0017969380351132713	0.5488319508731365	1.0	0.9322916666666667
28	0.0017644933104747906	0.5513061806559563	1.0	0.9322916666666667
29	0.0015601048871758394	0.5563357453793287	1.0	0.9322916666666667
30	0.0014426411398744676	0.5650427956134081	1.0	0.953125
31	0.0015984412530087866	0.583098566159606	1.0	0.953125
32	0.00148278115739231	0.5958841815590858	1.0	0.9322916666666667
33	0.0014142469408398028	0.5768735706806183	1.0	0.9322916666666667
34	0.001291609925829107	0.587546031922102	1.0	0.9322916666666667
35	0.0013228364077804144	0.6063863839954138	1.0	0.9322916666666667
36	0.0010722921942942776	0.6002529487013817	1.0	0.9322916666666667
37	0.001098659478884656	0.5934594292193651	1.0	0.9322916666666667
38	0.001084554871340515	0.6031836178153753	1.0	0.9322916666666667
39	0.0009672465312178247	0.5930619761347771	1.0	0.953125
40	0.0009331578730780166	0.6145756971091032	1.0	0.953125
41	0.0008817457946861396	0.6113729421049356	1.0	0.953125
42	0.0009270577829738613	0.6114278882741928	1.0	0.9322916666666667
43	0.0008698710898897843	0.6110401898622513	1.0	0.9322916666666667
44	0.0007720938592683524	0.62107621319592	1.0	0.9322916666666667
45	0.0007740512737655081	0.6263078190386295	1.0	0.953125
46	0.0007813731463102158	0.6271570101380348	1.0	0.953125
47	0.000727698890841566	0.6306768506765366	1.0	0.953125
48	0.0006753163452231092	0.6330040134489536	1.0	0.953125
49	0.0006883590394863859	0.6392864212393761	1.0	0.953125
50	0.0006910279880685266	0.6322512049227953	1.0	0.9322916666666667

Chosen model = epoch number 13


Train data : Accu-1.0	Loss-0.010272653307765722
Train data report 
-              precision    recall  f1-score   support

     class 0  1.0000000 1.0000000 1.0000000       425
     class 1  1.0000000 1.0000000 1.0000000        71

    accuracy                      1.0000000       496
   macro avg  1.0000000 1.0000000 1.0000000       496
weighted avg  1.0000000 1.0000000 1.0000000       496








Valid data : Accu-0.9375	Loss-0.4133676141500473
Valid data report 
-              precision    recall  f1-score   support

     class 0  0.9782609 0.9375000 0.9574468        48
     class 1  0.7000000 0.8750000 0.7777778         8

    accuracy                      0.9285714        56
   macro avg  0.8391304 0.9062500 0.8676123        56
weighted avg  0.9385093 0.9285714 0.9317798        56








Test data : Accu-0.8708333333333333	Loss-0.5797503516077995
Test data report 
-              precision    recall  f1-score   support

     class 0  0.9215686 0.9215686 0.9215686        51
     class 1  0.6363636 0.6363636 0.6363636        11

    accuracy                      0.8709677        62
   macro avg  0.7789661 0.7789661 0.7789661        62
weighted avg  0.8709677 0.8709677 0.8709677        62





