Class weight for loss (balancing weights) = tensor([0.1671, 1.0000])
Training : Class distribution = {0: 425, 1: 71}
Valid : Class distribution = {0: 48, 1: 8}
Test : Class distribution = {0: 51, 1: 11}
Epochs = 50
Learning rate = 0.001
optimizer = Adam
criterion = CrossEntropyLoss
Epoch	LOSStrain	LOSSval	ACCUtrain	ACCUval
1	0.6301732622087002	1.0902552604675293	0.544921875	0.14583333333333331
2	0.45494980923831463	1.5879772305488586	0.767578125	0.14583333333333331
3	0.3166256630793214	1.0461013317108154	0.8515625	0.14583333333333331
4	0.1972058699466288	0.5255082845687866	0.947265625	0.5625
5	0.14097644668072462	0.40141747891902924	0.95703125	0.8177083333333333
6	0.10549932019785047	0.3766379803419113	0.9765625	0.8645833333333333
7	0.0775333282072097	0.5865959972143173	0.978515625	0.9583333333333333
8	0.07445904542692006	0.3784101754426956	0.986328125	0.8645833333333333
9	0.06912708608433604	0.4229126609861851	0.98828125	0.921875
10	0.05221942940261215	0.848143994808197	0.982421875	0.890625
11	0.03190949221607298	0.33910346776247025	0.998046875	0.90625
12	0.02158658974803984	0.32448049262166023	0.998046875	0.890625
13	0.014201523561496288	0.35649169236421585	0.998046875	0.9427083333333333
14	0.009043228666996583	0.3548734001815319	1.0	0.921875
15	0.007142738264519721	0.3792380541563034	1.0	0.90625
16	0.005672200073604472	0.3995346501469612	1.0	0.921875
17	0.00498394867463503	0.4055691994726658	1.0	0.921875
18	0.004432649118825793	0.4102111682295799	1.0	0.90625
19	0.004052613687235862	0.41721586883068085	1.0	0.90625
20	0.0037409650249173865	0.4233730938285589	1.0	0.90625
21	0.003444664864218794	0.4379080832004547	1.0	0.90625
22	0.0031211730820359662	0.442423764616251	1.0	0.90625
23	0.0029597847096738406	0.4470686577260494	1.0	0.921875
24	0.0025788556231418625	0.4468040131032467	1.0	0.90625
25	0.0025328651390736923	0.45267200842499733	1.0	0.90625
26	0.0021660019192495383	0.4579186737537384	1.0	0.90625
27	0.0023150071283453144	0.47033686749637127	1.0	0.921875
28	0.002277148450957611	0.47245728597044945	1.0	0.90625
29	0.002051430201390758	0.4725775606930256	1.0	0.921875
30	0.0018411064447718672	0.4727267473936081	1.0	0.90625
31	0.001850406639277935	0.4725383408367634	1.0	0.90625
32	0.0016054138977779076	0.47622669115662575	1.0	0.90625
33	0.001580431835463969	0.48645846359431744	1.0	0.921875
34	0.001597731690708315	0.4949563890695572	1.0	0.921875
35	0.0013299490201461595	0.5011774376034737	1.0	0.921875
36	0.0013668744577444158	0.5016767513006926	1.0	0.921875
37	0.0013679532821697649	0.5012512430548668	1.0	0.921875
38	0.0012865003118349705	0.5083330851048231	1.0	0.921875
39	0.0012217545991006773	0.5161970127373934	1.0	0.921875
40	0.0011318197430227883	0.5035271625965834	1.0	0.90625
41	0.0010122708954440895	0.5077878106385469	1.0	0.921875
42	0.0010880293193622492	0.4987401179969311	1.0	0.921875
43	0.0009865403335425071	0.49114526249468327	1.0	0.9375
44	0.00099239383416716	0.5004038959741592	1.0	0.9375
45	0.0009807662354432978	0.5198159366846085	1.0	0.921875
46	0.0009781535190995783	0.5359677504748106	1.0	0.921875
47	0.0008838415360514773	0.5447661839425564	1.0	0.921875
48	0.0008942744680098258	0.5384020153433084	1.0	0.921875
49	0.0008127176206471631	0.5333722401410341	1.0	0.921875
50	0.0008215178313548677	0.5246233511716127	1.0	0.921875

Chosen model = epoch number 12


Train data : Accu-0.998046875	Loss-0.01551319460850209
Train data report 
-              precision    recall  f1-score   support

     class 0  1.0000000 0.9976471 0.9988221       425
     class 1  0.9861111 1.0000000 0.9930070        71

    accuracy                      0.9979839       496
   macro avg  0.9930556 0.9988235 0.9959146       496
weighted avg  0.9980119 0.9979839 0.9979897       496








Valid data : Accu-0.890625	Loss-0.32448049262166023
Valid data report 
-              precision    recall  f1-score   support

     class 0  0.9772727 0.8958333 0.9347826        48
     class 1  0.5833333 0.8750000 0.7000000         8

    accuracy                      0.8928571        56
   macro avg  0.7803030 0.8854167 0.8173913        56
weighted avg  0.9209957 0.8928571 0.9012422        56








Test data : Accu-0.903125	Loss-0.7076750099658966
Test data report 
-              precision    recall  f1-score   support

     class 0  0.9245283 0.9607843 0.9423077        51
     class 1  0.7777778 0.6363636 0.7000000        11

    accuracy                      0.9032258        62
   macro avg  0.8511530 0.7985740 0.8211538        62
weighted avg  0.8984919 0.9032258 0.8993176        62





